SAMPLE_RATE=16000
WINDOW_SEC=1.0
FRAME_LENGTH=400
FRAME_STEP=160
FFT_LENGTH=512
N_MELS=40
N_MFCC=13
NUM_FRAMES=98
MEAN=-3.345564365386963
STD=20.571203231811523
MIN_CONFIDENCE=0.6
